3
3
64
40
0.000 0.065 0.070 0.074 0.281 0.293 0.202 
0.000 0.066 0.068 0.078 0.279 0.371 0.246 
0.000 0.060 0.055 0.061 0.321 0.325 0.311 
0.000 0.061 0.044 0.067 0.334 0.279 0.311 
0.000 0.058 0.076 0.059 0.306 0.322 0.301 
0.000 0.055 0.086 0.065 0.279 0.314 0.325 
0.000 0.053 0.077 0.062 0.271 0.269 0.314 
0.000 0.069 0.059 0.073 0.243 0.323 0.272 
0.000 0.054 0.053 0.093 0.294 0.217 0.343 
0.000 0.082 0.074 0.053 0.342 0.273 0.286 
0.000 0.082 0.040 0.086 0.303 0.279 0.192 
0.000 0.084 0.054 0.072 0.154 0.318 0.289 
0.000 0.049 0.072 0.057 0.305 0.288 0.300 
0.000 0.054 0.067 0.054 0.213 0.336 0.247 
0.000 0.074 0.051 0.069 0.274 0.336 0.337 
0.000 0.066 0.048 0.051 0.372 0.254 0.448 
0.000 0.077 0.065 0.073 0.408 0.340 0.304 
0.000 0.049 0.072 0.057 0.233 0.343 0.277 
0.000 0.062 0.064 0.057 0.187 0.381 0.303 
0.000 0.074 0.083 0.060 0.256 0.225 0.275 
0.000 0.078 0.072 0.083 0.269 0.206 0.285 
0.000 0.046 0.063 0.060 0.375 0.293 0.361 
0.000 0.083 0.056 0.079 0.267 0.269 0.449 
0.000 0.057 0.069 0.057 0.325 0.224 0.287 
0.000 0.105 0.059 0.053 0.319 0.243 0.338 
0.000 0.081 0.043 0.065 0.299 0.370 0.308 
0.000 0.067 0.089 0.053 0.356 0.316 0.294 
0.000 0.076 0.072 0.056 0.301 0.343 0.271 
0.000 0.073 0.072 0.059 0.329 0.245 0.436 
0.000 0.066 0.061 0.066 0.259 0.375 0.313 
0.000 0.032 0.063 0.082 0.298 0.295 0.303 
0.000 0.069 0.099 0.082 0.228 0.270 0.357 
0.000 0.090 0.094 0.083 0.217 0.273 0.298 
0.000 0.052 0.049 0.074 0.277 0.262 0.344 
0.000 0.059 0.065 0.035 0.232 0.260 0.243 
0.000 0.049 0.062 0.069 0.284 0.268 0.297 
0.000 0.060 0.041 0.053 0.273 0.170 0.320 
0.000 0.075 0.084 0.053 0.158 0.235 0.247 
0.000 0.036 0.095 0.080 0.276 0.174 0.297 
0.000 0.076 0.071 0.064 0.286 0.320 0.421 
0.000 0.053 0.072 0.061 0.206 0.320 0.336 
0.000 0.050 0.056 0.075 0.304 0.338 0.220 
0.000 0.082 0.077 0.077 0.319 0.352 0.234 
0.000 0.069 0.057 0.043 0.342 0.339 0.255 
0.000 0.057 0.052 0.085 0.139 0.293 0.361 
0.000 0.056 0.071 0.066 0.259 0.238 0.336 
0.000 0.056 0.083 0.078 0.249 0.292 0.307 
0.000 0.055 0.058 0.047 0.304 0.352 0.289 
0.000 0.065 0.058 0.076 0.281 0.342 0.361 
0.000 0.065 0.094 0.081 0.381 0.282 0.259 
0.000 0.061 0.059 0.039 0.248 0.304 0.415 
0.000 0.067 0.064 0.038 0.273 0.318 0.353 
0.000 0.074 0.078 0.061 0.249 0.265 0.209 
0.000 0.084 0.051 0.064 0.305 0.351 0.332 
0.000 0.065 0.050 0.055 0.241 0.259 0.390 
0.000 0.050 0.078 0.063 0.287 0.343 0.444 
0.000 0.073 0.057 0.049 0.311 0.209 0.293 
0.000 0.056 0.060 0.057 0.273 0.300 0.254 
0.000 0.082 0.063 0.066 0.313 0.250 0.359 
0.000 0.060 0.073 0.053 0.334 0.259 0.283 
0.000 0.083 0.054 0.057 0.274 0.195 0.393 
0.000 0.080 0.068 0.078 0.277 0.273 0.383 
0.000 0.048 0.054 0.059 0.281 0.329 0.321 
0.000 0.063 0.058 0.080 0.250 0.182 0.306 
0.000 0.053 0.081 0.072 0.256 0.309 0.235 
0.000 0.062 0.079 0.057 0.205 0.220 0.283 
0.000 0.056 0.070 0.053 0.286 0.213 0.211 
0.000 0.035 0.059 0.070 0.294 0.298 0.325 
0.000 0.080 0.039 0.051 0.310 0.319 0.295 
0.000 0.061 0.074 0.057 0.360 0.386 0.336 
0.000 0.078 0.058 0.066 0.346 0.287 0.308 
0.000 0.052 0.053 0.066 0.211 0.238 0.262 
0.000 0.064 0.051 0.063 0.225 0.301 0.412 
0.000 0.071 0.027 0.048 0.196 0.252 0.199 
0.000 0.064 0.056 0.053 0.314 0.318 0.354 
0.000 0.091 0.061 0.069 0.354 0.348 0.329 
0.000 0.073 0.055 0.088 0.279 0.219 0.325 
0.000 0.064 0.075 0.077 0.326 0.248 0.347 
0.000 0.062 0.054 0.067 0.226 0.228 0.199 
0.000 0.077 0.065 0.060 0.361 0.322 0.293 
0.000 0.052 0.064 0.062 0.297 0.464 0.326 
0.000 0.057 0.042 0.057 0.354 0.356 0.315 
0.000 0.071 0.058 0.067 0.291 0.230 0.333 
0.000 0.055 0.077 0.084 0.254 0.240 0.322 
0.000 0.056 0.050 0.067 0.293 0.396 0.249 
0.000 0.056 0.047 0.076 0.296 0.301 0.249 
0.000 0.086 0.043 0.078 0.292 0.288 0.218 
0.000 0.057 0.078 0.057 0.358 0.362 0.274 
0.000 0.066 0.064 0.095 0.241 0.264 0.396 
0.000 0.062 0.076 0.052 0.284 0.339 0.271 
0.000 0.060 0.060 0.056 0.286 0.258 0.351 
0.000 0.063 0.063 0.067 0.280 0.309 0.299 
0.000 0.069 0.074 0.073 0.205 0.226 0.280 
0.000 0.082 0.074 0.068 0.195 0.203 0.357 
0.000 0.078 0.083 0.091 0.229 0.288 0.320 
0.000 0.057 0.062 0.066 0.272 0.423 0.277 
0.000 0.076 0.062 0.051 0.316 0.287 0.327 
0.000 0.065 0.073 0.073 0.297 0.327 0.272 
0.000 0.055 0.082 0.066 0.388 0.288 0.274 
0.000 0.067 0.080 0.061 0.309 0.306 0.386 
0.000 0.076 0.053 0.081 0.237 0.322 0.265 
0.000 0.045 0.082 0.056 0.278 0.270 0.438 
0.000 0.055 0.063 0.067 0.369 0.347 0.286 
0.000 0.038 0.073 0.060 0.423 0.271 0.281 
0.000 0.058 0.092 0.069 0.348 0.268 0.285 
0.000 0.092 0.072 0.082 0.313 0.314 0.304 
0.000 0.076 0.073 0.065 0.329 0.313 0.222 
0.000 0.068 0.075 0.079 0.241 0.332 0.332 
0.000 0.050 0.081 0.069 0.260 0.338 0.255 
0.000 0.034 0.061 0.066 0.343 0.294 0.166 
0.000 0.054 0.068 0.086 0.351 0.313 0.378 
0.000 0.073 0.062 0.052 0.295 0.364 0.276 
0.000 0.054 0.070 0.083 0.329 0.338 0.397 
0.000 0.078 0.051 0.050 0.393 0.416 0.284 
0.000 0.065 0.072 0.068 0.316 0.219 0.210 
0.000 0.066 0.069 0.065 0.289 0.338 0.356 
0.000 0.080 0.075 0.060 0.316 0.230 0.342 
0.000 0.067 0.063 0.099 0.261 0.275 0.331 
0.000 0.066 0.071 0.067 0.210 0.305 0.118 
0.000 0.081 0.053 0.070 0.260 0.256 0.335 
0.000 0.072 0.068 0.071 0.236 0.378 0.288 
0.000 0.055 0.061 0.028 0.269 0.349 0.125 
0.000 0.059 0.062 0.055 0.344 0.315 0.304 
0.000 0.084 0.056 0.081 0.308 0.423 0.290 
0.000 0.053 0.059 0.075 0.426 0.200 0.316 
0.000 0.058 0.078 0.065 0.281 0.196 0.241 
0.000 0.048 0.057 0.055 0.120 0.226 0.385 
0.000 0.054 0.057 0.072 0.210 0.208 0.366 
0.000 0.073 0.051 0.059 0.232 0.280 0.285 
0.000 0.055 0.064 0.060 0.194 0.319 0.292 
0.000 0.062 0.061 0.062 0.286 0.311 0.357 
0.000 0.077 0.051 0.047 0.319 0.266 0.264 
0.000 0.063 0.084 0.059 0.257 0.315 0.303 
0.000 0.032 0.060 0.054 0.284 0.277 0.301 
0.000 0.066 0.037 0.061 0.381 0.352 0.275 
0.000 0.067 0.073 0.070 0.336 0.411 0.272 
0.000 0.061 0.061 0.078 0.292 0.296 0.156 
0.000 0.058 0.071 0.047 0.248 0.219 0.268 
0.000 0.037 0.077 0.041 0.202 0.302 0.189 
0.000 0.059 0.052 0.051 0.392 0.375 0.230 
0.000 0.052 0.057 0.050 0.304 0.273 0.386 
0.000 0.077 0.069 0.072 0.269 0.343 0.245 
0.000 0.057 0.085 0.074 0.303 0.302 0.201 
0.000 0.047 0.086 0.060 0.365 0.434 0.248 
0.000 0.083 0.059 0.071 0.319 0.193 0.287 
0.000 0.061 0.066 0.068 0.203 0.379 0.270 
0.000 0.068 0.074 0.066 0.208 0.206 0.349 
0.000 0.066 0.053 0.072 0.424 0.396 0.453 
0.000 0.082 0.065 0.058 0.422 0.356 0.301 
0.000 0.048 0.065 0.068 0.288 0.297 0.371 
0.000 0.062 0.074 0.065 0.215 0.285 0.202 
0.000 0.075 0.077 0.053 0.318 0.309 0.366 
0.000 0.064 0.061 0.051 0.296 0.291 0.243 
0.000 0.064 0.085 0.059 0.276 0.286 0.272 
0.000 0.073 0.064 0.076 0.214 0.348 0.315 
0.000 0.067 0.061 0.054 0.349 0.410 0.324 
0.000 0.081 0.050 0.073 0.359 0.312 0.313 
0.000 0.046 0.060 0.063 0.261 0.274 0.269 
0.000 0.051 0.055 0.083 0.287 0.377 0.254 
0.000 0.083 0.044 0.056 0.232 0.387 0.416 
0.000 0.051 0.060 0.075 0.270 0.300 0.347 
0.000 0.074 0.080 0.060 0.255 0.337 0.305 
0.000 0.059 0.055 0.075 0.344 0.269 0.330 
0.000 0.071 0.063 0.067 0.327 0.241 0.328 
0.000 0.074 0.051 0.050 0.229 0.331 0.405 
0.000 0.063 0.057 0.085 0.403 0.332 0.235 
0.000 0.056 0.064 0.084 0.215 0.310 0.265 
0.000 0.070 0.065 0.063 0.262 0.249 0.300 
0.000 0.068 0.083 0.086 0.293 0.332 0.395 
0.000 0.060 0.070 0.037 0.278 0.257 0.262 
0.000 0.059 0.071 0.092 0.360 0.280 0.314 
0.000 0.084 0.062 0.062 0.268 0.302 0.255 
0.000 0.035 0.058 0.043 0.307 0.338 0.266 
0.000 0.069 0.058 0.070 0.193 0.325 0.333 
0.000 0.060 0.056 0.057 0.387 0.296 0.299 
0.000 0.050 0.070 0.054 0.265 0.273 0.336 
0.000 0.061 0.050 0.050 0.295 0.340 0.389 
0.000 0.057 0.062 0.039 0.342 0.273 0.245 
0.000 0.064 0.044 0.038 0.258 0.304 0.321 
0.000 0.050 0.056 0.071 0.264 0.296 0.327 
0.000 0.065 0.070 0.063 0.407 0.285 0.292 
0.000 0.079 0.045 0.047 0.335 0.279 0.283 
0.000 0.059 0.056 0.066 0.231 0.355 0.366 
0.000 0.082 0.080 0.046 0.311 0.222 0.282 
0.000 0.060 0.054 0.085 0.246 0.262 0.231 
0.000 0.082 0.072 0.057 0.280 0.276 0.308 
0.000 0.071 0.039 0.066 0.218 0.327 0.337 
0.000 0.072 0.058 0.056 0.266 0.314 0.234 
0.000 0.069 0.085 0.070 0.330 0.359 0.321 
0.000 0.059 0.049 0.076 0.241 0.341 0.293 
0.000 0.065 0.077 0.078 0.320 0.314 0.345 
0.000 0.077 0.032 0.061 0.309 0.370 0.227 
0.000 0.073 0.057 0.031 0.345 0.272 0.303 
0.000 0.067 0.077 0.073 0.272 0.259 0.364 
0.000 0.055 0.055 0.053 0.353 0.284 0.247 
0.000 0.049 0.065 0.060 0.209 0.235 0.311 
0.000 0.062 0.080 0.070 0.277 0.287 0.339 
0.000 0.073 0.057 0.052 0.259 0.367 0.363 
0.000 0.071 0.059 0.060 0.320 0.278 0.157 
0.000 0.057 0.073 0.076 0.304 0.328 0.275 
0.000 0.067 0.086 0.059 0.274 0.224 0.278 
0.000 0.072 0.042 0.069 0.364 0.227 0.280 
0.000 0.067 0.072 0.073 0.270 0.358 0.308 
0.000 0.046 0.076 0.085 0.394 0.278 0.261 
0.000 0.061 0.057 0.057 0.470 0.274 0.251 
0.000 0.058 0.059 0.063 0.278 0.232 0.265 
0.000 0.077 0.065 0.043 0.278 0.200 0.332 
0.000 0.065 0.051 0.062 0.361 0.343 0.335 
0.000 0.063 0.053 0.076 0.324 0.377 0.372 
0.000 0.085 0.061 0.060 0.292 0.371 0.344 
0.000 0.070 0.046 0.065 0.381 0.307 0.370 
0.000 0.069 0.075 0.070 0.236 0.196 0.138 
0.000 0.059 0.054 0.064 0.253 0.226 0.375 
0.000 0.041 0.086 0.054 0.313 0.303 0.343 
0.000 0.062 0.053 0.053 0.409 0.315 0.255 
0.000 0.089 0.069 0.058 0.243 0.254 0.315 
0.000 0.072 0.068 0.052 0.267 0.286 0.199 
0.000 0.051 0.078 0.046 0.355 0.318 0.355 
0.000 0.059 0.083 0.091 0.344 0.398 0.289 
0.000 0.055 0.054 0.088 0.343 0.344 0.330 
0.000 0.055 0.081 0.065 0.366 0.389 0.322 
0.000 0.066 0.080 0.062 0.282 0.314 0.267 
0.000 0.061 0.051 0.059 0.239 0.359 0.346 
0.000 0.071 0.063 0.050 0.286 0.287 0.212 
0.000 0.075 0.062 0.041 0.304 0.328 0.301 
0.000 0.078 0.069 0.076 0.251 0.213 0.322 
0.000 0.089 0.029 0.056 0.311 0.308 0.291 
0.000 0.057 0.070 0.080 0.177 0.313 0.227 
0.000 0.060 0.065 0.060 0.324 0.325 0.296 
0.000 0.065 0.072 0.065 0.298 0.294 0.296 
0.000 0.077 0.073 0.046 0.388 0.344 0.301 
0.000 0.064 0.060 0.040 0.198 0.334 0.337 
0.000 0.054 0.058 0.067 0.256 0.209 0.398 
0.000 0.046 0.074 0.064 0.267 0.178 0.249 
0.000 0.083 0.064 0.060 0.193 0.402 0.268 
0.000 0.060 0.070 0.056 0.238 0.314 0.315 
0.000 0.076 0.069 0.071 0.312 0.255 0.273 
0.000 0.063 0.079 0.054 0.268 0.267 0.281 
0.000 0.067 0.065 0.049 0.342 0.328 0.298 
0.000 0.038 0.064 0.116 0.268 0.305 0.331 
0.000 0.062 0.056 0.057 0.242 0.230 0.341 
0.000 0.070 0.071 0.046 0.272 0.282 0.177 
0.000 0.075 0.078 0.067 0.342 0.386 0.338 
0.000 0.053 0.066 0.030 0.217 0.277 0.381 
0.000 0.062 0.064 0.053 0.196 0.336 0.317 
0.000 0.077 0.076 0.096 0.326 0.296 0.349 
0.000 0.067 0.052 0.082 0.224 0.225 0.278 
0.000 0.071 0.080 0.045 0.171 0.208 0.197 
0.000 0.048 0.059 0.060 0.359 0.292 0.272 
0.000 0.075 0.071 0.058 0.267 0.242 0.273 
0.000 0.063 0.075 0.044 0.291 0.239 0.276 
0.000 0.062 0.086 0.074 0.410 0.405 0.318 
0.000 0.075 0.057 0.056 0.277 0.252 0.217 
0.000 0.069 0.072 0.107 0.370 0.328 0.333 
0.000 0.070 0.035 0.064 0.359 0.375 0.373 
0.000 0.060 0.070 0.060 0.283 0.295 0.263 
0.000 0.058 0.063 0.082 0.264 0.390 0.319 
0.000 0.056 0.075 0.078 0.218 0.211 0.299 
0.000 0.090 0.049 0.063 0.358 0.282 0.320 
0.000 0.064 0.048 0.072 0.275 0.230 0.258 
0.000 0.082 0.048 0.078 0.367 0.301 0.373 
0.000 0.069 0.051 0.058 0.384 0.309 0.213 
0.000 0.086 0.084 0.078 0.320 0.245 0.424 
0.000 0.066 0.061 0.065 0.376 0.310 0.341 
0.000 0.056 0.065 0.041 0.353 0.328 0.292 
0.000 0.051 0.081 0.072 0.279 0.358 0.197 
0.000 0.068 0.048 0.057 0.207 0.280 0.263 
0.000 0.073 0.053 0.073 0.247 0.377 0.366 
0.000 0.056 0.072 0.056 0.259 0.199 0.329 
0.000 0.064 0.080 0.051 0.328 0.270 0.309 
0.000 0.045 0.054 0.040 0.342 0.406 0.291 
0.000 0.058 0.084 0.067 0.229 0.278 0.191 
0.000 0.056 0.076 0.069 0.219 0.251 0.322 
0.000 0.072 0.057 0.053 0.352 0.335 0.265 
0.000 0.058 0.063 0.072 0.336 0.350 0.251 
0.000 0.045 0.042 0.071 0.299 0.358 0.300 
0.000 0.045 0.077 0.042 0.250 0.264 0.332 
0.000 0.058 0.066 0.056 0.282 0.216 0.251 
0.000 0.067 0.077 0.060 0.279 0.257 0.295 
0.000 0.044 0.091 0.059 0.363 0.305 0.369 
0.000 0.068 0.051 0.066 0.329 0.323 0.295 
0.000 0.044 0.070 0.069 0.334 0.389 0.322 
0.000 0.063 0.051 0.066 0.293 0.284 0.287 
0.000 0.062 0.056 0.029 0.302 0.295 0.384 
0.000 0.053 0.055 0.049 0.247 0.233 0.218 
0.000 0.051 0.060 0.079 0.237 0.311 0.261 
0.000 0.073 0.066 0.067 0.288 0.282 0.311 
0.000 0.066 0.059 0.066 0.288 0.344 0.187 
0.000 0.057 0.066 0.062 0.436 0.307 0.416 
0.000 0.067 0.073 0.052 0.367 0.262 0.335 
0.000 0.066 0.078 0.078 0.233 0.351 0.240 
0.000 0.076 0.071 0.059 0.372 0.229 0.248 
0.000 0.065 0.052 0.068 0.226 0.301 0.269 
0.000 0.069 0.056 0.031 0.267 0.199 0.335 
0.000 0.071 0.055 0.057 0.227 0.230 0.219 
0.000 0.071 0.060 0.053 0.208 0.299 0.366 
0.000 0.082 0.067 0.058 0.197 0.364 0.294 
0.000 0.054 0.082 0.055 0.361 0.269 0.327 
0.000 0.058 0.052 0.055 0.296 0.227 0.228 
0.000 0.035 0.050 0.085 0.321 0.306 0.297 
0.000 0.068 0.070 0.081 0.372 0.260 0.252 
0.000 0.085 0.072 0.069 0.302 0.224 0.202 
0.000 0.062 0.055 0.073 0.252 0.315 0.273 
0.000 0.058 0.054 0.073 0.393 0.339 0.184 
0.000 0.060 0.066 0.068 0.240 0.326 0.259 
0.000 0.073 0.066 0.044 0.265 0.232 0.323 
0.000 0.064 0.066 0.040 0.209 0.172 0.226 
0.000 0.041 0.065 0.068 0.241 0.312 0.239 
0.000 0.063 0.060 0.070 0.287 0.434 0.386 
0.000 0.073 0.075 0.066 0.336 0.285 0.414 
0.000 0.066 0.029 0.056 0.201 0.381 0.348 
0.000 0.075 0.069 0.060 0.301 0.264 0.285 
0.000 0.064 0.055 0.076 0.362 0.277 0.288 
0.000 0.047 0.055 0.068 0.354 0.292 0.330 
0.000 0.052 0.063 0.038 0.272 0.447 0.331 
0.000 0.078 0.053 0.058 0.254 0.306 0.224 
0.000 0.067 0.060 0.043 0.301 0.246 0.352 
0.000 0.055 0.077 0.064 0.290 0.259 0.210 
0.000 0.065 0.066 0.091 0.200 0.339 0.281 
0.000 0.080 0.054 0.063 0.345 0.285 0.432 
0.000 0.074 0.057 0.065 0.317 0.217 0.277 
0.000 0.069 0.030 0.029 0.297 0.232 0.376 
0.000 0.063 0.041 0.046 0.207 0.274 0.317 
0.000 0.053 0.046 0.060 0.288 0.360 0.322 
0.000 0.062 0.060 0.087 0.331 0.283 0.239 
0.000 0.061 0.054 0.076 0.194 0.221 0.274 
0.000 0.067 0.078 0.052 0.323 0.148 0.424 
0.000 0.082 0.050 0.044 0.323 0.326 0.090 
0.000 0.071 0.060 0.074 0.318 0.233 0.324 
0.000 0.059 0.060 0.077 0.394 0.267 0.322 
0.000 0.088 0.061 0.062 0.322 0.286 0.305 
0.000 0.062 0.087 0.046 0.233 0.335 0.366 
0.000 0.064 0.075 0.051 0.303 0.252 0.314 
0.000 0.051 0.076 0.065 0.271 0.313 0.256 
0.000 0.070 0.078 0.068 0.291 0.334 0.259 
0.000 0.064 0.052 0.074 0.254 0.280 0.232 
0.000 0.061 0.070 0.102 0.334 0.375 0.304 
0.000 0.090 0.051 0.091 0.323 0.398 0.334 
0.000 0.088 0.076 0.069 0.239 0.246 0.274 
0.000 0.058 0.044 0.058 0.275 0.346 0.298 
0.000 0.067 0.056 0.064 0.352 0.415 0.258 
0.000 0.067 0.073 0.054 0.274 0.432 0.276 
0.000 0.043 0.052 0.048 0.333 0.365 0.261 
0.000 0.076 0.057 0.083 0.303 0.377 0.331 
0.000 0.088 0.049 0.051 0.231 0.211 0.363 
0.000 0.052 0.056 0.077 0.358 0.352 0.317 
0.000 0.067 0.067 0.075 0.234 0.253 0.176 
0.000 0.069 0.064 0.070 0.303 0.370 0.307 
0.000 0.038 0.069 0.064 0.249 0.323 0.338 
0.000 0.071 0.054 0.048 0.332 0.328 0.224 
0.000 0.077 0.055 0.057 0.296 0.248 0.260 
0.000 0.065 0.055 0.073 0.235 0.320 0.391 
0.000 0.062 0.054 0.042 0.228 0.268 0.286 
0.000 0.027 0.062 0.046 0.231 0.312 0.286 
0.000 0.044 0.072 0.056 0.117 0.295 0.294 
0.000 0.048 0.050 0.063 0.179 0.256 0.246 
0.000 0.053 0.059 0.072 0.303 0.259 0.237 
0.000 0.063 0.051 0.069 0.380 0.456 0.271 
0.000 0.089 0.052 0.061 0.380 0.316 0.312 
0.000 0.065 0.070 0.067 0.301 0.304 0.328 
0.000 0.067 0.078 0.068 0.285 0.272 0.249 
0.000 0.072 0.054 0.060 0.226 0.292 0.334 
0.000 0.072 0.092 0.067 0.325 0.351 0.407 
0.000 0.052 0.109 0.082 0.389 0.330 0.290 
0.000 0.059 0.044 0.054 0.445 0.300 0.279 
0.000 0.061 0.060 0.071 0.280 0.305 0.247 
0.000 0.055 0.081 0.066 0.371 0.252 0.375 
0.000 0.066 0.073 0.049 0.236 0.335 0.274 
0.000 0.060 0.062 0.068 0.346 0.316 0.303 
0.000 0.069 0.075 0.059 0.228 0.214 0.261 
0.000 0.081 0.088 0.087 0.223 0.381 0.292 
0.000 0.068 0.056 0.062 0.325 0.257 0.245 
0.000 0.061 0.054 0.056 0.285 0.318 0.286 
0.000 0.064 0.073 0.088 0.135 0.246 0.305 
0.000 0.070 0.067 0.067 0.199 0.343 0.261 
0.000 0.048 0.069 0.075 0.337 0.349 0.193 
0.000 0.076 0.050 0.057 0.300 0.285 0.361 
0.000 0.065 0.081 0.045 0.239 0.299 0.271 
0.000 0.053 0.070 0.065 0.382 0.299 0.296 
0.000 0.052 0.054 0.048 0.170 0.312 0.376 
0.000 0.086 0.049 0.062 0.386 0.321 0.227 
0.000 0.053 0.070 0.069 0.325 0.476 0.251 
0.000 0.047 0.070 0.070 0.343 0.279 0.254 
0.000 0.072 0.073 0.051 0.379 0.222 0.276 
0.000 0.054 0.070 0.076 0.301 0.270 0.220 
0.000 0.063 0.095 0.062 0.310 0.177 0.311 
0.000 0.057 0.056 0.055 0.292 0.276 0.307 
0.000 0.059 0.066 0.065 0.283 0.242 0.292 
0.000 0.069 0.075 0.062 0.195 0.359 0.262 
0.000 0.063 0.052 0.048 0.206 0.271 0.245 
0.000 0.065 0.055 0.080 0.306 0.211 0.318 
0.000 0.086 0.054 0.064 0.281 0.286 0.275 
0.000 0.054 0.063 0.076 0.365 0.391 0.332 
0.000 0.060 0.061 0.077 0.330 0.342 0.389 
0.000 0.078 0.075 0.054 0.261 0.402 0.284 
0.000 0.076 0.062 0.103 0.201 0.411 0.250 
0.000 0.080 0.047 0.069 0.325 0.343 0.226 
0.000 0.059 0.063 0.063 0.332 0.274 0.390 
0.000 0.046 0.070 0.074 0.294 0.292 0.282 
0.000 0.071 0.067 0.079 0.279 0.300 0.281 
0.000 0.062 0.042 0.064 0.336 0.311 0.412 
0.000 0.070 0.090 0.073 0.352 0.226 0.436 
0.000 0.081 0.057 0.059 0.297 0.315 0.279 
0.000 0.068 0.048 0.072 0.340 0.339 0.366 
0.000 0.054 0.062 0.064 0.177 0.346 0.253 
0.000 0.049 0.074 0.044 0.227 0.374 0.288 
0.000 0.066 0.093 0.071 0.328 0.215 0.291 
0.000 0.036 0.060 0.084 0.365 0.256 0.222 
0.000 0.041 0.046 0.080 0.211 0.358 0.271 
0.000 0.043 0.071 0.065 0.354 0.249 0.354 
0.000 0.039 0.056 0.042 0.404 0.265 0.339 
0.000 0.056 0.065 0.058 0.305 0.361 0.271 
0.000 0.074 0.045 0.071 0.277 0.352 0.267 
0.000 0.077 0.069 0.071 0.267 0.397 0.240 
0.000 0.057 0.084 0.067 0.303 0.377 0.109 
0.000 0.091 0.086 0.058 0.159 0.285 0.319 
0.000 0.074 0.067 0.063 0.315 0.160 0.351 
0.000 0.055 0.055 0.052 0.265 0.320 0.261 
0.000 0.078 0.069 0.067 0.397 0.268 0.372 
0.000 0.070 0.070 0.071 0.284 0.232 0.330 
0.000 0.060 0.060 0.057 0.269 0.276 0.352 
0.000 0.072 0.068 0.065 0.352 0.321 0.236 
0.000 0.056 0.035 0.052 0.372 0.275 0.256 
0.000 0.067 0.061 0.076 0.337 0.263 0.394 
0.000 0.071 0.080 0.060 0.440 0.231 0.383 
0.000 0.058 0.062 0.065 0.387 0.266 0.270 
0.000 0.054 0.063 0.060 0.308 0.246 0.383 
0.000 0.067 0.075 0.086 0.308 0.155 0.356 
0.000 0.062 0.070 0.082 0.285 0.423 0.271 
0.000 0.060 0.047 0.057 0.197 0.301 0.265 
0.000 0.079 0.076 0.061 0.262 0.319 0.200 
0.000 0.063 0.046 0.060 0.320 0.246 0.298 
0.000 0.074 0.080 0.055 0.377 0.275 0.267 
0.000 0.071 0.064 0.025 0.287 0.325 0.208 
0.000 0.056 0.072 0.076 0.291 0.381 0.368 
0.000 0.075 0.059 0.039 0.340 0.295 0.281 
0.000 0.046 0.063 0.058 0.291 0.297 0.227 
0.000 0.065 0.040 0.072 0.290 0.244 0.325 
0.000 0.048 0.079 0.057 0.246 0.296 0.314 
0.000 0.049 0.069 0.088 0.270 0.376 0.338 
0.000 0.069 0.055 0.065 0.297 0.336 0.307 
0.000 0.028 0.044 0.051 0.200 0.269 0.261 
0.000 0.074 0.045 0.059 0.367 0.148 0.305 
0.000 0.048 0.090 0.065 0.284 0.279 0.256 
0.000 0.068 0.055 0.072 0.210 0.280 0.305 
0.000 0.048 0.064 0.087 0.209 0.336 0.212 
0.000 0.050 0.040 0.075 0.304 0.227 0.249 
0.000 0.064 0.055 0.066 0.313 0.457 0.363 
0.000 0.051 0.073 0.062 0.211 0.342 0.346 
0.000 0.047 0.078 0.049 0.183 0.346 0.313 
0.000 0.074 0.079 0.066 0.284 0.183 0.130 
0.000 0.071 0.060 0.087 0.401 0.361 0.277 
0.000 0.059 0.073 0.056 0.344 0.160 0.267 
0.000 0.051 0.058 0.037 0.359 0.304 0.263 
0.000 0.047 0.057 0.078 0.213 0.351 0.373 
0.000 0.080 0.063 0.037 0.265 0.346 0.248 
0.000 0.052 0.064 0.046 0.300 0.356 0.259 
0.000 0.063 0.060 0.032 0.285 0.309 0.324 
0.000 0.063 0.068 0.065 0.277 0.281 0.258 
0.000 0.095 0.087 0.058 0.342 0.323 0.226 
0.000 0.060 0.041 0.073 0.266 0.386 0.228 
0.000 0.040 0.057 0.082 0.336 0.249 0.272 
0.000 0.075 0.060 0.067 0.330 0.286 0.315 
0.000 0.084 0.066 0.046 0.364 0.225 0.225 
0.000 0.077 0.061 0.080 0.414 0.315 0.249 
0.000 0.047 0.034 0.071 0.282 0.412 0.279 
0.000 0.053 0.081 0.058 0.261 0.329 0.295 
0.000 0.077 0.055 0.044 0.305 0.274 0.250 
0.000 0.065 0.056 0.068 0.254 0.254 0.259 
0.000 0.071 0.071 0.054 0.212 0.362 0.311 
0.000 0.073 0.062 0.059 0.247 0.237 0.258 
0.000 0.069 0.077 0.058 0.226 0.339 0.316 
0.000 0.064 0.051 0.077 0.230 0.256 0.290 
0.000 0.080 0.075 0.068 0.301 0.341 0.319 
0.000 0.048 0.088 0.083 0.320 0.400 0.263 
0.000 0.078 0.070 0.052 0.319 0.313 0.360 
0.000 0.038 0.079 0.101 0.218 0.397 0.516 
0.000 0.112 0.066 0.071 0.193 0.293 0.341 
0.000 0.053 0.059 0.072 0.256 0.266 0.319 
0.000 0.057 0.060 0.060 0.342 0.395 0.259 
0.000 0.071 0.048 0.076 0.214 0.309 0.262 
0.000 0.064 0.063 0.066 0.252 0.311 0.273 
0.000 0.059 0.063 0.066 0.268 0.345 0.372 
0.000 0.059 0.072 0.071 0.261 0.210 0.377 
0.000 0.056 0.068 0.058 0.227 0.201 0.368 
0.000 0.082 0.055 0.069 0.250 0.256 0.247 
0.000 0.068 0.069 0.062 0.383 0.241 0.234 
0.000 0.073 0.048 0.069 0.290 0.261 0.335 
0.000 0.064 0.072 0.101 0.305 0.357 0.200 
0.000 0.043 0.067 0.058 0.292 0.421 0.386 
0.000 0.067 0.035 0.051 0.265 0.278 0.311 
0.000 0.049 0.053 0.051 0.351 0.267 0.234 
0.000 0.075 0.059 0.086 0.262 0.300 0.277 
0.000 0.052 0.069 0.039 0.384 0.217 0.371 
0.000 0.081 0.068 0.068 0.352 0.264 0.270 
0.000 0.063 0.060 0.059 0.357 0.383 0.286 
0.000 0.060 0.081 0.048 0.257 0.171 0.412 
0.000 0.070 0.059 0.076 0.269 0.311 0.313 
0.000 0.048 0.078 0.073 0.312 0.216 0.318 
0.000 0.066 0.054 0.055 0.389 0.282 0.285 
