nodes  cores    GHz      Mem in GB
 32      2      2.00     1.0
 56      2      2.00     2.0
 30      2      2.00     2.0
186      2      2.00     2.0
 99      2      2.00     2.0
 49      2      2.00     2.0
121      2      2.20     2.0
 53      2      2.20     4.0
 32      2      2.40     1.5
 79      2      2.40     2.0
126      2      2.40     2.0
 64      2      2.40     2.0
 20      2      2.60     4.0
 51      2      3.00     2.0
120      4      1.60     2.0
 56      4      2.20     4.0
 80      4      2.26     8.0
 64      4      2.33     4.0
 32      4      2.33     8.0
144      4      2.53    16.0
169      4      2.60     4.0
 45      8      2.26    32.0
 84      8      2.27    24.0
  8      8      2.40     8.0
 20      8      2.40    16.0
 34      8      2.50     8.0
 92      8      2.50    16.0
 64      8      2.50    32.0
 10      8      2.60    32.0
 46      8      2.83     8.0
 25      8      2.93    24.0
 40     24      1.70    48.0

998 2 cores   0.478    998*2 = 1996
665 4 cores   0.319    665*4 = 2660
383 8 cores   0.184    383*8 = 3064
40  24 cores  0.019    40*24 =  960

452 cpu  4.00
174 cpu  4.40
301 cpu  4.80
 20 cpu  5.20
 51 cpu  6.00
120 cpu  6.40
 56 cpu  8.80
 80 cpu  9.04
 96 cpu  9.32
144 cpu 10.12
169 cpu 10.40
 45 cpu 18.08
 84 cpu 18.16
 28 cpu 19.20
190 cpu 20.00
 10 cpu 20.80
 46 cpu 22.64
 25 cpu 23.44
 40 cpu 40.80

mean is 4.16


var is 998*4.666 + 17.024 + 5647.565 + 15745.024 = 26066.281, var is 12.5 stddev
is 3.54...


 32      2      2.00     1.0        1   0
 32      2      2.40     1.5        1   1
 56      2      2.00     2.0        1   1
 30      2      2.00     2.0        1   1
186      2      2.00     2.0        1   1
 99      2      2.00     2.0        1   1
 49      2      2.00     2.0        1   1
121      2      2.20     2.0        1   1
 79      2      2.40     2.0        1   1
126      2      2.40     2.0        1   1
 64      2      2.40     2.0        1   1
 51      2      3.00     2.0        1   1
 53      2      2.20     4.0        1   2
 20      2      2.60     4.0        1   2
120      4      1.60     2.0        2   1
 56      4      2.20     4.0        2   2
 64      4      2.33     4.0        2   2
169      4      2.60     4.0        2   2
 80      4      2.26     8.0        2   3
 32      4      2.33     8.0        2   3
144      4      2.53    16.0        2   4
  8      8      2.40     8.0        3   3
 34      8      2.50     8.0        3   3
 46      8      2.83     8.0        3   3
 84      8      2.27    24.0        3   4
 20      8      2.40    16.0        3   4
 92      8      2.50    16.0        3   4
 25      8      2.93    24.0        3   4
 45      8      2.26    32.0        3   5
 64      8      2.50    32.0        3   5
 10      8      2.60    32.0        3   5
 40     24      1.70    48.0        5   6

