 51      2      3.00     2.0
 93      4      2.60     4.0
 10      8      2.60    32.0
 84      8      2.27    24.0
 34      8      2.50     8.0
 32      2      2.40     1.5
 20      8      2.40    16.0
  8      8      2.40     8.0
 26      4      2.60     4.0
 46      8      2.83     8.0
 53      2      2.20     4.0
 20      2      2.60     4.0
 56      2      2.00     2.0
 79      2      2.40     2.0
144      4      2.53    16.0
 92      8      2.50    16.0
120      4      1.60     2.0
 30      2      2.00     2.0
186      2      2.00     2.0
126      2      2.40     2.0
 40     24      1.70    48.0
 25      8      2.93    24.0
 64      8      2.50    32.0
 32      4      2.33     8.0
 64      4      2.33     4.0
 99      2      2.00     2.0
 64      2      2.20     2.0
 32      2      2.00     1.0
 64      2      2.40     2.0
 49      2      2.00     2.0
 56      4      2.20     4.0
 50      4      2.60     4.0
 45      8      2.26    32.0
 57      2      2.20     2.0
 80      4      2.26     8.0
